1
139
140
141
142
147
150
166
395
397
538
539
635
1089
1105
1133
1136
1355
1360
1757
1758
1900
1902
1903
1950
1951
2069
2150
2162
2163
2168
2193
2194
2195
2205
2209
2562
3148
3392
3393
3440
3441
3554
3884
3886
4323
4711
4719
5002
5270
5271
5272
5273
5274
5309
5310
5319
5325
5335
5337
5367
5374
5375
5377
5379
5425
5428
5453
5454
5455
5456
5498
5583
5584
5674
5675
5681
5684
5685
6132
6133
6187
6288
6508
6548
6553
6746
6782
6824
6853
6854
6866
7151
7153
7388
7389
7478
7570
7615
7618
7629
7630
7682
7699
7702
7878
8191
8244
8249
8252
8253
8367
8368
8369
8373
8375
8377
8380
8383
8384
8396
8408
8547
8586
8679
8680
8718
9059
9399
9407
9923
9924
9998
9999
10000
10004
10013
10263
10344
10725
10942
10944
11030
11031
11189
11190
11399
11449
11456
11464
11474
11486
11487
11503
11517
11518
11525
11526
11538
11677
11678
11679
11680
11686
11691
11829
11832
11833
11834
11835
11836
11838
11840
11845
11861
11864
11866
11867
11868
11869
11874
11875
11876
11877
12054
12056
12057
12094
12200
12201
12252
12265
12424
12425
12448
12449
13116
13232
13233
13308
13318
13319
13359
13362
13418
13569
13570
13630
13634
13635
14029
14030
14031
14091
14093
14164
14182
14245
14246
14495
14514
14543
14569
14707
14715
15238
15254
15272
15277
15278
15280
15281
15282
15283
15284
15285
15286
15287
15288
15289
15290
15292
15293
15294
15295
15297
15298
15299
15301
15304
15305
15307
15308
15311
15312
15315
15316
15317
15318
15319
15320
15321
15322
15323
15324
15325
15328
15329
15330
15335
15336
15338
15340
15343
15348
15349
15351
15354
15360
15361
15378
15381
15383
15384
15420
15446
15451
15945
15946
16065
16071
16075
16162
16163
16252
16256
16325
16326
16391
16393
16436
16523
16524
16525
16651
16655
16676
16677
16682
16822
16823
16824
16828
16879
16974
17021
17070
17077
17177
17550
17872
17879
17880
17886
17908
17917
18235
18243
18322
18325
18387
18392
18397
18398
18403
18404
18410
18411
18472
18474
18561
18829
18830
18831
18832
18833
18836
18838
18840
18841
18843
18844
18865
19134
19152
19153
19172
19175
19181
19182
19193
19203
19425
19463
19660
19662
19694
19695
19696
19697
19702
19704
19707
19836
19852
19854
19858
19865
19894
19895
19900
19945
20007
20014
20015
20016
20017
20018
20062
20063
20071
20083
20089
20090
20112
20121
20134
20139
20350
20351
20382
20417
20478
20500
20501
20507
20509
20521
20546
20548
20560
20564
20565
20596
20614
20680
20730
20850
20868
20873
20877
20878
20886
20924
20929
20976
20977
20985
20986
20987
20994
20995
20999
21000
21023
21113
21136
21141
21142
21433
21640
21641
21731
21739
21827
21884
21961
21963
22222
22683
22886
22889
22890
22915
22924
22925
23096
23106
23108
23109
23110
23113
23120
23121
23124
23125
23126
23134
23135
23140
23141
23142
23155
23156
23158
23206
23287
23289
23427
23432
23433
23435
23436
23443
23453
23625
23764
23815
23816
23996
23999
24932
24933
25408
25409
25410
25838
25839
25846
25847
26778
26787
27164
27338
27357
27359
27363
27421
27568
27572
27830
28101
28102
28820
28821
28824
28825
28945
28946
29240
29242
29243
29310
29315
29391
29395
29396
29397
29398
29399
29400
29401
29402
29501
29892
29895
30050
30051
30305
30306
30452
30664
30677
30688
30689
30691
30692
30693
30694
30695
31121
31122
31140
31141
32022
32026
32924
32925
33026
33068
33069
33106
33131
33156
33418
33419
33444
33447
33449
33451
33452
33659
33661
33722
33723
33724
33892
33942
33943
34021
34028
34030
34145
34146
34215
34222
34226
34227
34228
34232
34233
34234
34235
34237
34248
34249
34250
34251
34252
34253
34254
34255
34260
34261
34319
34338
34340
34475
34478
34587
34591
34662
34670
35120
35225
35242
35255
35480
35493
35507
35563
35592
35596
36059
36060
36604
36611
37193
37194
37197
37198
37744
37745
37747
37751
37752
37759
37839
37951
38112
38287
38350
38759
38761
39050
39715
40685
40715
40727
40888
41067
41068
41204
41216
41218
41228
41230
41231
41268
41269
41519
41520
42022
42624
42626
42953
42976
42991
43018
43086
43087
43342
43618
43660
44164
44544
44547
44731
45552
45553
45828
46024
46090
46123
46230
46297
46542
46893
47236
47237
47248
47252
47257
47258
47259
47260
47261
47264
47265
47266
47268
47270
47280
47281
47282
47288
47289
47290
47297
47298
47303
47306
47307
47308
47309
47313
47320
47321
47322
47325
47326
47484
47755
47756
48396
48397
48653
48797
48811
48954
48955
49375
49389
49822
50499
51111
51292
51293
51538
51548
51774
51779
52216
52336
52343
52597
52602
52627
52631
52638
52641
53223
53948
53949
53996
53998
53999
54004
54005
54006
54008
54009
54010
54016
54017
54022
54063
54139
54376
54379
54380
54625
54687
54690
54692
54740
54746
54750
54753
54896
54897
55333
55504
55510
55577
55753
55775
55798
55920
56039
56044
56312
56371
56500
56501
56640
56641
58060
58110
58341
58342
58343
58351
58424
58772
58785
58788
58859
58860
58866
58867
58984
58986
59373
59374
59393
59394
59396
59397
59398
59400
59402
59434
59435
59437
59445
59453
59455
59457
59656
60072
60319
60324
60439
60448
60458
60476
60492
60534
60645
60824
60825
60827
60884
60893
60895
60897
60900
60908
60909
60926
60935
60950
60951
61016
61222
61256
61257
61258
61277
61305
61390
61423
61458
61459
61467
61477
61487
61523
61563
61581
61791
61793
61814
61828
61866
61916
61931
61936
61937
61999
62015
62036
62079
62096
62106
62604
62605
62607
62700
62726
62743
62801
62804
62805
62806
62808
62809
62811
62812
62826
62828
62830
62842
62857
62870
62871
62882
62883
62884
62887
62888
62894
62895
62896
62897
62898
62901
62902
62903
62904
62905
62906
62913
63077
63082
63108
63184
63185
63186
63204
63392
63394
63395
63412
63413
63521
63676
63683
63709
63710
63890
63892
63921
63933
63934
63940
63942
63944
63945
63946
63964
63975
63977
63981
64024
64025
64028
64029
64031
64032
64034
64039
64043
64044
64046
64047
64049
64052
64053
64054
64055
64056
64058
64059
64060
64061
64065
64066
64076
64077
64082
64083
64087
64105
64123
64125
64126
64135
64149
64150
64151
64152
64224
64225
64249
64267
64290
64360
64362
64366
64613
64630
64636
64637
64677
64678
64878
64881
65089
65107
65597
65598
65599
65600
65602
65828
65829
66198
66200
66239
66363
66364
66519
66520
66711
66712
66718
66719
66890
67345
67400
67401
67485
67486
68007
68009
68028
68079
68080
68118
68119
68166
68279
68280
68392
68448
68449
68476
68482
68500
68501
68502
68503
68509
68646
68650
68662
68668
68676
68722
68723
68789
68834
68835
68929
68958
69015
69028
69029
69030
69037
69038
69091
69109
69110
69113
69114
69120
69121
69126
69127
69133
69134
69143
69144
69154
69155
69156
69157
69230
69236
69241
69251
69268
69275
69338
69565
70065
70087
71053
71076
71311
71504
71505
71553
71554
71728
71756
71977
71978
72005
72129
72136
72226
72278
72291
72757
72768
72769
72831
72832
73295
73296
73353
73364
73442
73443
73445
73446
73447
73448
73566
73569
74061
74062
74063
74226
74227
74283
74284
74344
74533
74669
75226
75232
76594
76595
76724
76725
77073
77074
77526
77547
77549
77690
77695
77728
77916
77917
78035
78036
78037
78311
78312
78360
78366
78424
78511
78512
79046
79047
79874
80176
80179
80291
80292
80293
80412
80545
80755
81146
81250
81252
81632
81633
82353
82433
82434
82446
82955
82956
83403
83906
84105
84508
84522
84644
84721
84722
84740
84759
84766
84771
84772
84779
85058
85177
85178
85630
85674
85677
85692
85693
85697
85698
85699
86529
86530
87295
87296
87298
87330
87334
87456
87461
87470
87480
87481
87497
87498
87520
87521
87522
87523
87545
87550
87551
87554
87555
87568
87569
87867
88100
88145
88206
88294
88374
88451
88500
88768
88824
88961
89058
89254
89469
89500
89501
89952
89953
90399
90415
90487
90505
90540
90784
91075
91076
91082
91084
91612
92310
92312
92320
92562
92574
92622
92625
92892
93269
93389
94164
94353
94354
94408
94413
94781
95558
95559
95812
97136
97137
97143
97153
97225
97258
97272
97274
97351
97401
97432
97582
97775
97779
97780
97832
97867
98195
98196
98197
98199
98347
98349
98464
98466
98550
98568
98569
98650
98705
98710
98772
98799
98802
98829
98833
98835
98936
98947
98999
99004
99044
99045
99048
99049
99050
99059
99971
99988
99993
99994
99999
100000
100007
100011
100016
100038
100064
100082
100257
100258
100472
100475
100477
100499
100503
100602
100682
100694
100820
100826
100849
100850
101016
101017
101023
101026
101090
101402
101459
101460
101469
101470
101484
101486
101487
101488
101489
101490
101491
101492
101493
101494
101495
101498
101500
101501
101502
101503
101504
101505
101506
101538
101817
101818
101866
101886
101893
101946
101947
101995
101999
102020
102026
102161
102288
102289
102291
102297
102298
102299
102303
102304
102306
102307
102310
102415
102494
102895
102896
102987
102994
103100
103101
103137
103138
103167
103168
103175
103252
103253
103558
103814
103880
103902
103941
104101
104102
104199
104202
104406
104407
104437
104443
104671
104687
104752
104755
105070
105073
105672
105678
105933
105976
106011
106018
106024
106264
106374
106376
106671
106715
106716
106944
107165
107230
107299
107304
107386
107426
107427
107451
107486
107988
107990
107992
108005
108022
108024
108088
108356
108358
108779
109088
109089
109282
109290
109461
109482
109539
109563
109611
109613
109647
109648
109770
109779
109788
109789
109885
109888
109889
109896
109937
109957
110072
110076
110079
110082
110155
110164
110175
110288
110290
110487
110489
110571
110572
110578
110579
110819
110828
110970
110971
111072
111074
111177
111178
111275
111279
111812
111813
111926
112104
112115
112134
112314
112428
112440
112561
112831
112832
112836
113018
113019
113219
113222
113924
113926
113983
113986
114498
114824
114828
114841
114862
114863
114885
114890
114896
114910
114918
114919
114926
114978
114979
114982
114984
115001
115037
115076
115126
115137
115177
115182
115183
115430
115451
115515
115608
115610
115619
116024
116029
116058
116087
116091
116301
116302
116303
116339
116347
116371
116373
116438
116442
116610
116611
116992
116994
117029
117045
117046
117147
117440
117448
117455
117487
117642
117645
117793
117796
117812
117815
117842
117843
118261
119017
119030
119044
119338
119554
119731
119734
119940
120164
120165
120233
120419
120448
120689
120697
120698
121017
121027
121082
121096
121097
121326
121395
121814
121815
121925
121926
122052
122316
122382
122396
122695
122706
122737
123009
123016
123050
123060
123086
123087
123362
123403
123421
123422
123423
123705
123706
124509
124510
124605
124606
124632
124715
124716
124781
124788
124806
124807
124809
124811
124849
125097
125098
125499
125560
125624
125968
125969
125999
126000
126944
126947
127128
127163
127174
127261
127262
127550
127552
127556
127859
127860
127869
127891
127892
127920
128005
128006
128008
128228
128593
128864
129316
129390
129495
129496
129929
129934
130346
130349
130445
130456
130896
130897
130900
131097
131098
131104
131383
131385
131470
131491
131494
131496
131497
131504
131514
131631
131692
131695
131697
131703
131704
131705
131774
132251
132252
132299
132312
133077
133078
133095
133144
133148
133149
133540
133541
133738
133739
134257
134264
134436
134439
134710
134716
134899
134907
134918
134920
134921
134923
134924
134925
134926
134932
134934
135096
135102
135112
135113
135127
135128
135129
135304
135335
135336
135490
135491
135499
136095
136096
136712
136801
136889
136893
136907
136933
136934
136935
137300
137301
137342
137345
137360
137361
137483
137572
137573
137720
137722
137946
137949
137961
137963
138256
138257
138453
138455
138456
138457
138571
138572
138924
138925
138928
138940
138953
139318
139323
139335
139358
139422
139429
139431
139432
139437
139438
139637
139638
139718
139732
139818
139932
140209
140215
140224
140295
140296
140300
140301
140315
140316
140743
140931
140938
140971
141067
141223
141224
141225
141284
141332
141481
141482
141590
141625
141648
142200
142224
142231
142303
142304
142305
142306
142421
142425
142586
142587
142611
142612
142629
142630
142655
142657
142670
142692
142841
142889
142893
142897
143233
143234
143526
143527
143892
143899
144285
144286
144299
144300
144301
144303
144304
144305
144309
144320
144321
144325
144326
144401
144402
144422
144423
144461
144590
144591
144680
144682
144790
144797
144802
144803
144804
144807
144927
144951
145139
145621
145622
145683
145685
145688
145689
145730
145731
145828
145862
145871
145924
145942
145943
145948
145959
146020
146021
146099
146302
146303
146304
146329
146330
146337
146338
146416
146420
146538
146539
146633
146634
146635
146636
146638
146640
146645
146646
146648
146650
146655
146657
146664
146665
146855
146947
147018
147019
147020
147021
147022
147027
147028
147029
147348
147349
147378
147412
147671
147678
147711
147766
147822
147827
147828
147829
147830
147831
147833
147836
147837
147848
147849
148101
148103
148107
148108
148110
148111
148112
148261
148262
148266
148294
148382
148408
148409
148518
148523
148569
148570
148571
148603
148704
148705
148808
148810
149190
149315
149320
149321
149487
149552
149571
149869
149871
149884
149890
149942
150050
150051
150053
150054
150057
150058
150064
150067
150071
150072
150078
150099
150104
150105
150111
150765
150804
150914
151172
151194
151245
151287
151663
151963
151964
152003
152008
152128
152129
152592
152781
152782
152786
152788
152789
152790
152796
153134
153137
153571
153572
153608
153612
153814
153821
153823
153824
153825
153826
153827
153829
153830
154059
154061
154079
154083
154085
154100
154102
154103
154107
154108
154109
154110
154137
154376
154377
154462
154466
154507
154508
154522
154524
154653
154654
154783
154809
154812
154815
154976
154977
154978
154981
154987
154988
154989
154990
155099
155100
155103
155110
155129
155232
155340
155368
155456
155458
155468
155474
155725
155816
156079
156282
156286
156512
156632
156766
156944
156945
156946
156947
157118
157121
157260
157261
157335
157443
157483
157508
157670
157671
157728
157900
157905
157906
157926
157932
157940
157947
157964
157966
157967
157968
157993
157994
158049
158050
158083
158107
158109
158110
158111
158119
158121
158126
158134
158463
158525
158615
158616
158629
158681
158683
158691
158695
158998
159104
159309
159751
159752
159909
159942
160072
160074
160075
160083
160096
160097
160099
160534
160535
160538
160552
160559
160560
160665
160735
160740
160775
160811
160814
160815
160824
160825
160826
160827
160828
160831
160832
160837
160838
160841
160843
160851
161020
161068
161069
161070
161071
161074
161075
161076
161088
161095
161098
161099
161100
161101
161102
161103
161104
161105
161106
161107
161109
161116
161117
161119
161120
161121
161122
161123
161124
161125
161126
161127
161128
161129
161132
161133
161134
161136
161147
161148
161151
161156
161157
161163
161164
161165
161166
161169
161175
161177
161178
161179
161180
161182
161183
161184
161185
161186
161187
161189
161191
161192
161194
161195
161198
161199
161202
161203
161204
161205
161209
161216
161217
161218
161219
161220
161225
161227
161228
161229
161233
161234
161235
161236
161237
161238
161239
161240
161241
161242
161243
161244
161421
161435
161501
161504
161511
161571
161572
161573
161682
161683
161684
161685
161686
161687
161688
161691
161725
161726
161730
161731
161732
161735
161739
161740
161742
161743
161744
161771
161793
161807
161840
161886
162014
162015
162022
162062
162069
162107
162147
162148
162395
162398
162399
162400
162402
162403
162404
162405
162582
162605
162816
162830
162962
162963
162964
163024
163253
163302
163303
163306
163308
163309
163311
163312
163313
163314
163315
163316
163319
163320
163366
163397
163597
163606
163607
163608
163634
163635
163681
163692
163850
163851
163883
163885
163890
163901
163902
164033
164038
164078
164083
164085
164087
164088
164160
164161
164164
164165
164166
164169
164199
164200
164218
164239
164249
164270
164280
164281
164295
164296
164299
164321
164712
164714
164715
164869
164873
165069
165070
165231
165232
165233
165234
165236
165342
165343
165419
165420
165430
165431
165433
165435
165441
165442
165651
165652
166019
166052
166054
166317
166358
166374
166485
166486
166487
166491
166492
166493
166589
166638
166639
166710
166711
166712
166713
166714
166715
166716
166843
166967
166968
166969
166971
166972
167052
167066
167067
167073
167076
167078
167079
167081
167082
167086
167089
167090
167091
167092
167094
167096
167097
167098
167101
167104
167105
167106
167107
167108
167109
167111
167113
167114
167115
167116
167117
167118
167120
167121
167122
167124
167129
167141
167242
167245
167246
167250
167259
167261
167273
167277
167278
167283
167286
167296
167299
167330
167483
167484
167507
167512
167678
167841
167844
167991
168070
168074
168126
168315
168400
168467
168484
169164
169187
169264
169288
169342
169356
169411
169583
169585
169615
169616
169666
169667
169686
169687
169694
169696
169956
169962
170076
170135
170212
170258
170261
170280
170354
170361
170826
170827
170982
170983
170994
171001
171004
171062
171087
171088
171089
171142
171218
171273
171290
171296
171316
171317
171362
171366
171367
171405
171417
171418
171553
171554
171556
171577
171706
171713
171727
171729
171826
171827
171832
171834
171959
171967
172049
172056
172057
172222
172381
172387
172480
172587
172666
172667
173057
173065
173134
173175
173209
173213
173227
173234
173274
173462
173478
173525
173526
173550
173726
173919
173920
174366
174454
174696
174762
174764
174836
174862
174863
174954
175058
175132
175148
175331
175339
175582
175586
175699
175847
175848
175860
175878
176145
176146
176226
176342
176348
176483
176487
176491
176550
176553
176620
176623
176632
176633
176639
176668
176714
176715
176724
176725
176726
176728
176844
176846
176961
176963
176964
176967
176988
177308
177509
177512
177520
177521
177523
177524
177530
177531
177583
177584
177649
177650
177747
177796
177812
177813
177899
178024
178043
178044
178179
178180
178541
178542
178702
178705
178844
179034
179044
179432
179433
179834
179838
179857
179859
179861
179863
179878
179879
180145
180146
180365
180368
180414
180475
180476
180500
180567
180619
180656
180838
180865
180891
180994
180998
181460
181462
181473
181481
181485
182203
182204
182399
182400
182977
182978
183088
183127
183130
183139
183140
183302
183330
183331
183511
183526
183602
183818
184406
184440
184441
186391
186399
186405
186412
186413
186520
186765
187062
187067
187092
187137
187138
187174
187287
187370
187794
187795
187814
187815
187921
187922
187923
188089
188091
188092
188102
188103
188116
188124
188148
188149
188257
188433
188467
188751
188755
188931
188935
189213
189308
189338
189339
189348
189349
189355
189378
189385
189417
189418
189843
189850
190014
190050
190092
190175
190195
190196
190226
190232
190696
190698
190809
192221
192598
192723
192729
192990
193001
193106
193108
193109
193113
193144
193160
193162
194003
194004
194120
194702
194728
194923
194995
195069
195265
195266
195312
195313
195413
195414
195472
195478
195561
195571
195765
195779
195951
195952
197075
197085
197086
197227
197262
197288
197297
197845
197847
197921
197922
197963
197973
198041
198168
198169
198198
198201
198674
198675
199020
199026
199080
199081
199539
199541
199548
199553
199556
199557
199560
199563
199564
199565
199566
199569
199570
199571
199572
199573
199574
199575
199581
199582
199585
199588
199589
199600
199720
199721
199724
199744
199745
199790
199935
199939
200238
200239
200275
200325
200326
200347
200369
200573
200574
200594
200599
200869
200870
200883
200995
200996
200998
201103
201107
201260
201263
201343
201344
201368
201389
201422
201424
201614
201615
201916
202155
202190
202192
202196
202235
202236
202461
202479
202485
202787
202811
202882
202885
202903
202906
203075
203076
203081
203183
203436
203505
203878
204019
204215
204334
204335
204418
204666
204669
204687
204757
205476
205485
205487
205491
205492
205493
205495
205496
205497
205499
205501
205502
205571
205579
205785
205806
205868
206040
206042
206044
206045
206051
206054
206055
206057
206059
206060
206061
206064
206065
206066
206067
206068
206070
206073
206074
206075
206076
206077
206078
206079
206080
206081
206083
206084
206085
206086
206088
206090
206091
206092
206093
206094
206097
206098
206101
206102
206103
206105
206107
206109
206114
206116
206117
206118
206120
206121
206123
206124
206126
206127
206128
206129
206130
206131
206132
206133
206134
206135
206136
206137
206138
206139
206140
206141
206142
206144
206148
206149
206150
206151
206154
206155
206156
206159
206160
206161
206162
206163
206165
206166
206168
206169
206172
206175
206177
206178
206181
206184
206185
206186
206187
206190
206192
206193
206194
206195
206196
206199
206201
206202
206203
206205
206206
206208
206210
206211
206214
206215
206216
206220
206221
206227
206228
206229
206230
206231
206232
206237
206238
206239
206240
206241
206242
206243
206244
206245
206246
206252
206253
206255
206256
206258
206260
206262
206264
206265
206270
206271
206274
206275
206285
206286
206287
206288
206289
206292
206298
206299
206300
206304
206306
206308
206309
206311
206312
206313
206316
206317
206318
206319
206320
206321
206323
206324
206329
206330
206331
206335
206336
206338
206361
206362
206392
206401
206405
206545
206548
206567
206684
206685
206747
206767
206974
206991
207068
207076
207077
207140
207143
207197
207199
207308
207309
207402
207745
207753
207815
207988
207992
208060
208082
208084
208089
208092
208191
208205
208207
208634
208640
208679
208746
208757
208759
208777
208819
208820
208974
209172
209185
209187
209323
209336
209387
209440
209562
209578
209912
209913
210061
210062
210063
210140
210145
210151
210156
210187
210188
210190
210196
210200
210226
210299
210301
210308
210311
210313
210328
210331
210351
210456
210457
210603
210604
210630
210631
210652
210845
211237
211356
211613
211840
211841
211981
212030
212031
212263
212542
212741
212742
212812
212832
212995
212996
213013
213015
213213
213220
213221
213291
213307
213315
213694
213746
213753
213755
213769
213770
214026
214031
214097
214100
214144
214168
214207
214279
214281
214340
214668
214669
215088
215104
215317
215761
215762
215951
216305
216306
216375
216376
216393
216413
216440
216523
216609
216721
216723
217020
217131
217261
217262
217297
217646
217765
217766
217767
217770
218047
218086
218108
218596
218694
218776
218777
219065
219119
219195
219196
219332
219619
220160
220297
220298
220340
220342
220343
220418
220459
220460
220472
220481
220681
220682
220709
220762
220766
220827
220854
221006
221059
221060
221076
221079
221080
221081
221089
221090
221185
221187
221201
221242
221629
221630
221648
221680
221727
221729
221772
221788
221984
221992
222374
222548
222676
222677
223057
223064
223143
223324
223325
223423
223519
223530
223684
223685
223686
223687
223689
223691
223692
223694
223695
223696
223697
223698
223699
223700
223704
223705
223710
223711
223712
223713
223714
223717
223718
223719
223721
223722
223725
223729
223732
223735
223743
223746
223769
223770
223776
223799
223821
223830
223841
223845
223846
223849
223850
223852
223853
223854
223855
223856
223857
223858
223859
223865
224029
224032
224072
224073
224094
224098
224104
224106
224114
224115
224123
224251
224548
224549
224550
224551
224552
224555
224562
224563
224564
224565
224569
224570
224572
224573
224575
224576
224579
224580
224581
224589
224590
224594
224597
224603
224604
224605
224606
224607
224608
224611
224620
224621
224622
224625
224626
224630
224631
224635
224636
224637
224638
224647
224649
224651
224661
224664
224665
224668
224669
224670
224671
224673
224682
224683
224684
224685
224688
224689
224694
224695
224696
224697
224699
224700
224701
224704
224706
224707
224708
224709
224710
224711
224712
224713
224714
224726
224731
224733
224734
224735
224738
224742
224744
224747
224756
224766
224768
224769
224770
224771
224772
224773
224778
224779
224780
224781
224782
224784
224785
224786
224792
224793
224800
224801
224802
224803
224806
224814
224815
224816
224817
224819
224820
224821
224822
224823
224825
224826
224827
224830
224831
224833
224835
224839
224840
224842
224843
224844
224846
224848
224849
224855
224856
224865
224868
224875
224879
224881
224885
224889
224891
224897
224898
224905
224920
224921
224923
224933
224940
224941
224942
224943
224945
224946
224950
224951
224955
224956
224958
224959
224972
224973
224975
224982
224985
224994
224995
224996
224997
224998
225000
225002
225004
225005
225007
225010
225011
225012
225014
225015
225016
225018
225019
225024
225026
225029
225036
225040
225041
225049
225050
225051
225057
225058
225066
225084
225085
225086
225087
225088
225119
225158
225159
225187
225216
225239
225275
225634
225635
226049
226058
226059
226064
226187
226364
226367
226607
226642
226673
226674
226680
226681
226685
226704
226705
226706
226709
226749
226763
226769
226833
226838
226886
226892
226935
226946
226975
227002
227006
227007
227014
227015
227022
227023
227030
227031
227048
227060
227073
227087
227100
227101
227108
227126
227159
227169
227234
227235
227252
227255
227350
227436
227473
227481
227482
227483
227484
227566
227567
227638
227640
227758
227759
227795
227931
227932
227972
228056
228070
228090
228104
228120
228368
228369
228570
228752
228865
228932
229098
229099
229100
229365
229721
229722
229897
229898
229901
229902
229908
229996
229997
230102
230103
230106
230155
230174
230193
230261
230318
230572
230573
230600
230602
230606
230617
230618
230667
231085
231316
231317
231370
231586
231587
231606
231621
232042
232046
232216
232217
232218
232916
233014
233555
233786
234106
234232
234233
234393
234476
234478
234521
234630
234692
234711
234838
235043
235046
235129
235639
235867
235911
236193
236194
236588
236593
236594
236601
236602
237055
237309
237405
237406
237605
238320
238370
238779
239247
239320
239510
239616
239636
239649
239650
239664
239830
239861
239862
239863
240136
240137
240142
240143
240170
240179
240240
240410
240413
240510
240512
240728
240729
240917
240918
240920
240993
241000
241003
241029
241284
241430
241440
241497
241720
241723
241735
241791
241792
241793
241794
241901
241902
241951
242330
242331
242425
242436
243510
243575
243576
243580
243581
243582
243586
243727
244922
244931
245164
245165
245615
245618
245713
245714
245792
245793
245806
246267
246318
246337
246736
246853
247016
247017
247801
247803
248308
248312
248711
248717
249341
249342
249628
250371
250383
251008
251012
251282
251295
251366
251389
251448
251451
251507
251510
251779
251788
251866
251867
251994
251995
252349
252417
252420
252592
252612
252725
252740
252741
252857
252969
252978
253144
253145
253146
253147
253148
253150
253156
253166
253266
253267
253319
253326
253400
253825
253858
253862
254427
254434
254522
254523
254547
254716
254733
254801
254810
255393
255436
255446
255463
255467
255468
255504
255541
255577
255581
255584
255596
255597
255598
255599
255694
255697
255700
255704
255705
255707
255710
255711
255712
255770
256461
256464
256509
256510
256618
256621
256629
256636
256638
256641
256689
256690
256693
256695
256698
256824
257119
257183
257184
257187
257188
257192
257197
257199
257200
257201
257458
257473
257474
257481
257483
257486
257538
257539
257559
257758
257802
257940
258035
258037
258232
258380
258381
258408
258409
258605
258608
259154
259238
259242
259243
259666
259757
259759
259879
259948
260119
260120
260360
260361
260929
260959
260960
260978
260979
260994
260999
261003
261453
261454
261469
261530
261572
261801
261802
261939
261940
262072
262073
262155
262157
263076
263641
263642
263663
264035
264036
264072
264083
264297
264298
264335
264337
264338
264637
264640
264641
264642
264643
264644
264658
264659
264663
264665
264666
264667
264668
264670
264672
265444
265624
265625
265750
265856
265890
265925
265951
265983
266006
266007
266097
266112
266113
266661
266663
267074
267076
267137
267138
267663
267700
267767
267796
268117
268119
269423
269504
269767
269783
269922
269923
269976
269982
270118
270363
270364
270819
270820
270939
270940
270972
270982
270999
271000
271287
271288
271373
271375
271380
271401
271406
271418
271419
271420
271466
271535
271540
271541
271728
271729
271783
271784
271840
272141
272154
272716
272717
273193
273197
273199
273222
273286
273881
273884
273961
273973
275407
275430
275431
275500
275515
275550
275553
275555
275623
276401
276409
276723
276724
276726
276729
276733
276780
276825
276889
276890
277053
277054
277193
277215
277217
277323
277324
277846
277851
277852
277855
277856
277863
277864
278006
278009
278066
278114
278203
278206
278384
278397
278503
278504
278548
278655
278656
278690
278701
278929
278932
278964
278973
278974
279026
279034
279090
279119
279174
279176
279177
279277
279328
279355
279371
279386
279388
279469
279506
279542
279595
279607
279608
279733
279734
279736
279859
279942
280101
280126
280131
280159
280164
280348
280350
280408
280436
280741
280803
280804
280940
281085
281090
281091
281092
281100
281425
281426
281583
281833
281851
281852
281854
281855
281921
281922
281926
281938
281960
281961
281986
282090
282303
282304
282388
282390
282445
282446
282447
282484
282849
282850
282920
282933
283000
283001
283466
283472
283537
283538
283973
284026
284044
284045
284104
284105
284328
284329
284539
284541
284918
284919
285019
285112
285113
285444
285448
285460
285462
285463
285464
285466
285467
285468
285469
285470
285471
285472
285484
286002
286326
286374
286577
286597
287083
287128
287129
287233
287234
287330
287331
287435
287537
287545
287831
287952
287953
287955
288744
288745
289139
289166
289172
289535
289540
289900
290009
290540
290596
290601
290602
290618
290622
290734
290735
291285
291287
291502
291671
291845
292672
292673
292675
292677
292679
292680
292909
292919
293460
293461
294265
294266
294463
294470
294539
294563
294626
294627
295163
295609
295822
295836
295983
296122
296123
296329
296330
296337
296338
296618
296622
296660
296678
296679
296683
296685
296730
296732
296739
296743
296746
296747
296751
296754
296756
296761
296767
296787
296846
296847
297088
297139
297165
297175
297350
297351
297357
297361
297362
297433
297518
297581
297582
297700
297974
298048
298090
298094
298106
298209
298221
298222
298269
298278
298334
298365
298372
298373
298421
298431
298432
298433
298434
298439
298600
298609
298644
298745
298746
298818
298824
298833
298834
299100
299104
299183
299186
299211
299212
299244
299280
299286
299287
299372
299382
299383
299443
299555
299621
299622
299624
299630
299634
299648
299667
299682
299683
299684
299706
299707
299710
299711
299753
299770
299772
299776
300082
300083
300096
300099
300166
300167
300316
300380
300477
300484
300499
300514
300518
300643
300660
300661
300707
300782
300855
300947
300949
300956
301058
301170
301205
301252
301353
301384
301405
301423
301514
301713
301717
301721
301906
301987
302012
302013
302071
302088
302110
302111
302119
302139
302142
302170
302171
302302
302380
302487
302498
302566
302568
302639
302641
302642
302646
302682
302683
302684
302685
302686
302687
302688
302799
302805
302807
302808
303060
303061
303075
303079
303119
303123
303171
303179
303180
303181
303182
303183
303184
303185
303188
303189
303191
303192
303193
303199
303208
303209
303210
303216
303217
303218
303220
303222
303223
303225
303228
303229
303230
303231
303232
303233
303234
303235
303375
303377
303378
303388
303405
303453
303467
303470
303471
303472
303473
303522
303529
303628
303633
303693
303725
303726
303786
303867
303878
303947
304123
304134
304135
304161
304432
304442
304909
305045
305046
305047
305048
305049
305050
305051
305056
305060
305065
305067
305074
305168
305173
305179
305180
305181
305182
305192
305215
305219
305348
305404
305406
305545
305692
305702
305797
305798
306105
306109
306110
306126
306162
306163
306165
306176
306206
306207
306212
306216
306218
306219
306223
306224
306225
306226
306228
306229
306230
306231
306232
306236
306237
306238
306241
306242
306243
306244
306245
306246
306247
306248
306258
306259
306260
306262
306263
306265
306266
306267
306268
306269
306270
306271
306273
306280
306282
306286
306293
306298
306300
306308
306309
306315
306322
306323
306327
306328
306330
306331
306341
306343
306344
306350
306353
306359
306362
306364
306365
306370
306371
306372
306373
306376
306381
306382
306393
306394
306398
306399
306401
306402
306406
306409
306410
306418
306419
306420
306432
306433
306448
306449
306460
306486
306487
306494
306517
306526
306539
306552
306553
306588
306734
306768
306769
307210
307211
307391
307393
307637
307669
307779
307849
307889
308180
308181
308311
308504
308508
308686
308725
308726
308832
308833
308835
308836
308850
308852
308853
308856
308873
308880
308888
308900
308901
308903
308907
308909
308911
308916
308924
308925
308926
308927
308935
308942
308943
308956
308960
308977
308985
308990
309003
309232
309294
309345
309417
309418
309828
309845
309863
309865
309913
310134
310135
310172
310541
310596
310599
311019
311020
311032
311111
311112
311297
311316
311564
311586
311598
311599
312035
312265
312281
312325
312332
312334
312813
312897
313202
313210
313270
313271
313361
313368
313922
313981
314505
314514
314536
314604
314781
314782
314835
314836
314840
314841
314842
314843
314844
314845
315365
315369
315372
315451
315458
315678
315679
315736
315737
315738
315742
315744
315745
315783
315970
316257
316577
316578
316617
316619
316948
316950
317069
317070
317129
317130
317718
317719
317889
317984
317989
318857
318858
318990
318991
318997
319000
319670
319671
319835
320002
320003
320145
320215
320231
320269
320270
320310
320316
320379
320441
320568
320594
320598
320717
320719
320855
320858
321006
321008
321148
321153
321251
321259
321393
321408
321415
321416
321418
321460
321536
321543
321608
321609
321610
321620
321621
321634
321671
321672
321690
321834
321835
321955
321956
322025
322031
322113
322114
322306
322314
322521
322522
322721
322787
322792
322793
322935
322936
323024
323025
323157
323179
323412
323546
323653
323656
323664
323666
323676
323678
323681
323682
323689
323979
324019
324027
324138
324162
324163
324182
324183
324201
324206
324212
324214
324461
324469
324482
324485
325144
325150
325625
325783
325874
325875
325944
326044
326045
326046
326084
326085
326182
326262
326346
326362
326363
326559
326561
326678
326680
326756
326757
326808
326809
326810
326823
326936
326969
327146
327155
327178
327281
327282
327283
327286
327288
327289
327290
327291
327292
327293
327298
327306
327307
327310
327318
327319
327321
327323
327324
327330
327331
327334
327335
327337
327341
327342
327344
327345
327352
327355
327367
327369
327371
327372
327373
327374
327380
327383
327384
327385
327391
327394
327434
327436
327440
327599
327688
327859
327863
327874
327907
328034
328037
328252
328274
328275
328620
328621
328876
328883
329276
329277
329380
329402
329732
329736
329741
329745
329761
329911
329912
329923
329992
329995
330033
330034
330395
330396
330400
330429
330540
330567
330759
330911
330918
330919
330920
331273
331275
331423
331424
331775
332111
332117
332118
332234
332869
332870
332871
333060
333090
333231
333289
333290
333489
333558
333700
333766
333768
333857
333913
334126
334179
334180
334253
334255
334478
334479
334516
334529
334591
334594
334613
334614
334744
334745
334753
334754
334882
334883
335076
335077
335307
335308
335399
335403
335642
335671
335733
335808
336209
336210
336404
336553
336554
336660
336661
336769
336773
337701
337712
337873
337994
338006
338010
338021
338417
338426
338468
338471
338591
338636
338640
338697
338698
338701
338755
338759
338967
338968
339006
339017
339019
339033
339061
339071
339072
339104
339110
339228
339394
339403
339598
339731
339734
339744
339745
339752
339835
340283
340286
340421
340428
340694
340703
340704
340705
340767
340814
340944
341058
341127
341158
341159
341161
341166
341167
341196
341197
341220
341441
341455
341456
341471
341656
341693
342215
342250
342268
342269
342502
342503
342533
342534
342834
342842
342914
342916
342917
342919
342920
342948
343158
343471
343496
343590
343783
343786
344053
344054
344117
344170
344397
344399
344859
344873
344889
344890
344900
344968
345092
345093
345097
345100
345141
345152
345153
345172
345174
345175
345176
345194
345316
345321
345322
345354
345355
345421
345440
345459
345867
345869
345932
345946
345947
345951
345952
345953
345954
345955
345957
345958
345959
345968
345978
345982
345984
345989
345990
345991
345992
345993
345994
345995
345996
345997
346000
346003
346005
346006
346007
346015
346016
346017
346018
346020
346027
346029
346030
346040
346041
346049
346050
346053
346055
346056
346058
346059
346065
346067
346068
346071
346075
346077
346080
346081
346082
346083
346084
346085
346086
346087
346088
346089
346091
346092
346093
346094
346095
346098
346099
346100
346101
346102
346103
346107
346109
346113
346114
346115
346117
346119
346123
346124
346125
346126
346127
346133
346151
346152
346159
346162
346163
346165
346176
346177
346178
346189
346194
346197
346203
346204
346205
346206
346207
346208
346215
346218
346219
346220
346221
346222
346455
346458
346461
346462
346465
346469
346470
346471
346472
346476
346477
346481
346487
346493
346496
346497
346498
346499
346500
346501
346502
346504
346510
346515
346523
346526
346531
346541
346543
346545
346546
346547
346548
346558
346560
346566
346658
346659
346677
346690
346762
346763
346788
346789
347378
347685
347686
347705
348394
348395
348413
348422
348423
348697
348698
349414
349415
349554
349562
349601
349604
349605
349606
349607
349611
349613
349614
349665
350904
351162
351187
351302
351303
351306
351312
351313
351322
351323
351607
351625
351849
351883
352126
352134
352542
352705
352706
352789
352854
352855
352947
353126
353132
353193
353195
353463
353609
353712
353713
354018
354019
354074
354075
354076
354077
354090
354456
354457
354458
354479
354480
354578
354582
354752
354753
354803
354843
354844
354980
354981
355098
355364
355372
355373
355393
355395
355578
355579
355583
355632
355643
355674
355755
355769
355795
355845
355939
355940
356060
356061
356361
356362
356497
356862
356944
356945
356951
357002
357148
357448
357626
357637
357644
357646
357648
357650
357651
357697
357698
357885
357886
357890
357891
357892
357904
357905
357906
357908
357913
357919
357920
357921
357923
357924
357961
357962
357966
357976
358007
358048
358058
358070
358071
358077
358081
358086
358090
358095
358102
358109
358110
358122
358124
358125
358140
358153
358181
358190
358191
358193
358195
358202
358204
358213
358214
358222
358270
358308
358310
358311
358313
358317
358331
358335
358411
358573
358614
358615
358624
358784
358787
359096
359138
359141
359159
359160
359165
359166
359170
359185
359208
359221
