parsimony	leaves	frequency
0	2	1
0	3	1
0	5	2
0	31	1
0	39	1
0	73	1
0	87	1
0	91	1
0	361	1
0	868	1
0	1319	1
0	1459	1
0	2124	1
0	1607799	1
1	2	79488
1	3	36544
1	4	22065
1	5	14755
1	6	10751
1	7	8084
1	8	6554
1	9	5225
1	10	4288
1	11	3605
1	12	3239
1	13	2737
1	14	2426
1	15	2203
1	16	1980
1	17	1765
1	18	1620
1	19	1421
1	20	1328
1	21	1225
1	22	1127
1	23	1025
1	24	971
1	25	930
1	26	816
1	27	745
1	28	720
1	29	701
1	30	661
1	31	596
1	32	529
1	33	566
1	34	525
1	35	485
1	36	504
1	37	463
1	38	461
1	39	402
1	40	388
1	41	353
1	42	347
1	43	329
1	44	305
1	45	341
1	46	307
1	47	281
1	48	287
1	49	244
1	50	253
1	51	248
1	52	239
1	53	249
1	54	233
1	55	217
1	56	218
1	57	198
1	58	182
1	59	190
1	60	190
1	61	172
1	62	173
1	63	166
1	64	175
1	65	168
1	66	163
1	67	153
1	68	156
1	69	134
1	70	145
1	71	127
1	72	137
1	73	121
1	74	125
1	75	117
1	76	111
1	77	128
1	78	122
1	79	107
1	80	100
1	81	101
1	82	98
1	83	108
1	84	105
1	85	107
1	86	100
1	87	85
1	88	99
1	89	87
1	90	86
1	91	85
1	92	68
1	93	88
1	94	72
1	95	72
1	96	65
1	97	70
1	98	75
1	99	89
1	100	81
1	101	80
1	102	68
1	103	59
1	104	60
1	105	72
1	106	60
1	107	58
1	108	73
1	109	58
1	110	68
1	111	54
1	112	48
1	113	54
1	114	64
1	115	46
1	116	58
1	117	66
1	118	50
1	119	44
1	120	60
1	121	46
1	122	56
1	123	41
1	124	45
1	125	44
1	126	50
1	127	56
1	128	33
1	129	43
1	130	40
1	131	43
1	132	45
1	133	42
1	134	40
1	135	41
1	136	45
1	137	39
1	138	49
1	139	44
1	140	32
1	141	35
1	142	40
1	143	41
1	144	34
1	145	34
1	146	33
1	147	26
1	148	36
1	149	42
1	150	35
1	151	32
1	152	40
1	153	34
1	154	38
1	155	32
1	156	22
1	157	29
1	158	27
1	159	40
1	160	46
1	161	36
1	162	32
1	163	24
1	164	24
1	165	22
1	166	37
1	167	29
1	168	27
1	169	43
1	170	26
1	171	22
1	172	22
1	173	26
1	174	30
1	175	17
1	176	19
1	177	26
1	178	24
1	179	17
1	180	26
1	181	22
1	182	23
1	183	25
1	184	24
1	185	19
1	186	27
1	187	26
1	188	13
1	189	27
1	190	18
1	191	27
1	192	28
1	193	22
1	194	17
1	195	22
1	196	22
1	197	17
1	198	15
1	199	20
1	200	19
1	201	25
1	202	17
1	203	16
1	204	15
1	205	18
1	206	11
1	207	18
1	208	16
1	209	19
1	210	17
1	211	20
1	212	19
1	213	12
1	214	19
1	215	16
1	216	21
1	217	9
1	218	12
1	219	14
1	220	16
1	221	12
1	222	22
1	223	18
1	224	19
1	225	19
1	226	12
1	227	19
1	228	14
1	229	9
1	230	18
1	231	13
1	232	18
1	233	11
1	234	17
1	235	13
1	236	14
1	237	13
1	238	10
1	239	15
1	240	9
1	241	13
1	242	21
1	243	23
1	244	19
1	245	18
1	246	6
1	247	13
1	248	9
1	249	23
1	250	13
1	251	8
1	252	8
1	253	9
1	254	13
1	255	16
1	256	8
1	257	9
1	258	12
1	259	13
1	260	11
1	261	14
1	262	13
1	263	15
1	264	8
1	265	6
1	266	12
1	267	9
1	268	9
1	269	11
1	270	6
1	271	10
1	272	13
1	273	11
1	274	16
1	275	13
1	276	9
1	277	12
1	278	13
1	279	12
1	280	16
1	281	12
1	282	8
1	283	6
1	284	8
1	285	10
1	286	10
1	287	9
1	288	10
1	289	8
1	290	11
1	291	13
1	292	9
1	293	7
1	294	8
1	295	10
1	296	12
1	297	15
1	298	11
1	299	7
1	300	8
1	301	8
1	302	14
1	303	7
1	304	19
1	305	8
1	306	7
1	307	7
1	308	7
1	309	6
1	310	4
1	311	4
1	312	9
1	313	11
1	314	8
1	315	4
1	316	17
1	317	3
1	318	9
1	319	7
1	320	5
1	321	6
1	322	5
1	323	6
1	324	13
1	325	12
1	326	5
1	327	8
1	328	6
1	329	4
1	330	5
1	331	6
1	332	12
1	333	7
1	334	8
1	335	7
1	336	4
1	337	7
1	338	3
1	339	7
1	340	8
1	341	9
1	342	9
1	343	4
1	344	8
1	345	8
1	346	10
1	347	6
1	348	8
1	349	7
1	350	6
1	351	3
1	352	4
1	353	9
1	354	7
1	355	5
1	356	7
1	357	9
1	358	9
1	359	7
1	360	7
1	361	4
1	362	7
1	363	4
1	364	5
1	365	8
1	366	4
1	367	2
1	368	6
1	369	2
1	370	12
1	371	5
1	372	3
1	373	4
1	374	6
1	375	1
1	376	6
1	377	3
1	378	5
1	379	6
1	380	7
1	381	2
1	382	6
1	383	7
1	384	4
1	385	6
1	386	4
1	387	3
1	388	6
1	389	7
1	390	2
1	391	6
1	392	5
1	393	11
1	394	4
1	395	9
1	396	2
1	397	5
1	398	2
1	399	7
1	400	8
1	401	4
1	402	4
1	403	6
1	404	2
1	405	8
1	406	8
1	407	5
1	408	3
1	409	3
1	410	4
1	411	3
1	412	5
1	413	6
1	414	5
1	415	1
1	416	4
1	417	5
1	418	4
1	419	4
1	420	2
1	421	7
1	422	4
1	423	4
1	424	3
1	425	7
1	426	4
1	427	6
1	428	5
1	429	5
1	430	5
1	431	2
1	432	4
1	433	6
1	434	1
1	435	3
1	436	5
1	437	7
1	438	7
1	439	3
1	440	5
1	441	5
1	442	7
1	443	2
1	444	3
1	445	5
1	446	5
1	447	3
1	448	1
1	449	1
1	450	4
1	452	6
1	453	7
1	454	4
1	455	2
1	456	2
1	457	3
1	458	6
1	459	2
1	460	4
1	461	3
1	462	4
1	463	3
1	464	4
1	465	4
1	466	5
1	467	2
1	468	6
1	469	1
1	470	4
1	471	2
1	472	4
1	473	6
1	474	3
1	475	5
1	476	1
1	477	2
1	478	4
1	479	4
1	480	3
1	481	6
1	482	1
1	483	4
1	484	1
1	485	1
1	486	2
1	487	1
1	488	5
1	489	2
1	490	7
1	491	6
1	492	2
1	493	5
1	494	5
1	495	4
1	496	4
1	497	5
1	498	3
1	499	4
1	501	3
1	502	1
1	503	3
1	504	2
1	505	2
1	506	3
1	507	4
1	508	4
1	509	2
1	510	3
1	511	4
1	512	3
1	513	1
1	514	1
1	515	4
1	516	1
1	517	5
1	518	6
1	519	3
1	520	2
1	521	5
1	522	1
1	523	2
1	524	4
1	525	4
1	526	3
1	527	4
1	528	1
1	529	2
1	530	3
1	531	2
1	532	2
1	533	4
1	534	5
1	535	5
1	536	4
1	537	4
1	538	7
1	539	5
1	540	2
1	541	6
1	542	5
1	543	4
1	544	4
1	545	4
1	546	6
1	548	4
1	549	4
1	550	3
1	551	3
1	552	3
1	553	1
1	554	2
1	555	8
1	556	2
1	557	4
1	558	5
1	559	4
1	560	6
1	561	2
1	562	5
1	563	4
1	564	3
1	565	4
1	566	2
1	567	3
1	568	3
1	569	2
1	571	2
1	572	3
1	573	2
1	574	1
1	575	4
1	576	2
1	577	1
1	578	1
1	579	2
1	580	1
1	581	4
1	582	2
1	583	2
1	584	4
1	585	3
1	586	3
1	587	3
1	588	4
1	589	2
1	590	1
1	591	1
1	592	5
1	594	7
1	596	3
1	597	2
1	598	4
1	599	4
1	600	4
1	601	1
1	602	1
1	603	4
1	604	2
1	605	1
1	606	5
1	607	3
1	608	2
1	609	2
1	610	5
1	611	3
1	613	3
1	614	7
1	615	5
1	616	3
1	618	1
1	619	1
1	620	3
1	621	2
1	622	3
1	623	2
1	624	4
1	625	2
1	626	1
1	627	2
1	628	1
1	629	4
1	630	3
1	631	1
1	632	3
1	633	4
1	634	2
1	635	1
1	636	3
1	637	6
1	638	2
1	639	6
1	640	4
1	641	1
1	642	3
1	643	3
1	644	1
1	645	2
1	646	1
1	647	5
1	648	5
1	649	4
1	650	3
1	651	1
1	652	3
1	653	4
1	654	3
1	655	1
1	656	2
1	657	2
1	658	1
1	659	3
1	660	1
1	661	2
1	662	1
1	663	2
1	664	2
1	665	4
1	666	3
1	667	3
1	668	2
1	670	2
1	671	1
1	673	2
1	674	1
1	676	1
1	677	4
1	679	2
1	680	2
1	681	2
1	682	1
1	683	1
1	684	4
1	686	4
1	687	4
1	688	2
1	689	4
1	690	2
1	691	4
1	692	3
1	693	4
1	694	2
1	695	5
1	696	1
1	697	1
1	698	2
1	699	5
1	700	1
1	701	3
1	702	1
1	704	1
1	708	1
1	709	3
1	711	1
1	712	1
1	715	1
1	716	2
1	717	1
1	718	3
1	719	1
1	720	1
1	723	1
1	724	2
1	725	1
1	726	1
1	727	3
1	728	1
1	729	1
1	730	3
1	732	3
1	733	1
1	734	2
1	736	1
1	737	3
1	738	1
1	740	2
1	741	3
1	743	2
1	747	3
1	748	2
1	749	1
1	751	4
1	753	1
1	755	3
1	756	3
1	757	2
1	758	2
1	759	2
1	760	3
1	761	1
1	762	1
1	763	2
1	764	3
1	765	2
1	766	1
1	767	3
1	768	3
1	769	2
1	771	1
1	772	4
1	773	1
1	774	2
1	776	4
1	778	1
1	779	3
1	780	1
1	781	3
1	782	1
1	785	1
1	786	2
1	787	1
1	788	1
1	789	1
1	790	1
1	791	4
1	792	1
1	795	1
1	797	1
1	799	4
1	800	4
1	801	2
1	802	3
1	803	2
1	804	3
1	805	2
1	806	1
1	807	2
1	808	2
1	811	2
1	812	1
1	814	2
1	816	2
1	819	1
1	822	2
1	823	1
1	824	2
1	825	2
1	826	2
1	827	2
1	828	2
1	829	1
1	830	1
1	832	3
1	833	4
1	834	4
1	835	1
1	836	1
1	837	2
1	838	4
1	839	1
1	844	3
1	845	1
1	846	2
1	849	1
1	851	1
1	852	1
1	855	2
1	856	1
1	857	2
1	858	1
1	859	2
1	862	1
1	863	1
1	864	2
1	867	3
1	871	1
1	872	1
1	874	1
1	876	1
1	877	1
1	878	2
1	885	1
1	887	3
1	891	1
1	892	1
1	893	4
1	896	1
1	897	2
1	899	2
1	900	1
1	902	2
1	903	2
1	904	2
1	905	1
1	906	2
1	907	1
1	908	1
1	909	4
1	910	2
1	911	3
1	912	1
1	913	2
1	914	1
1	915	1
1	916	1
1	917	4
1	919	1
1	922	2
1	923	4
1	924	2
1	925	1
1	926	4
1	927	1
1	928	2
1	929	1
1	930	1
1	932	2
1	934	1
1	935	2
1	937	2
1	938	1
1	940	1
1	941	1
1	942	3
1	943	1
1	944	1
1	945	1
1	948	2
1	950	2
1	951	1
1	953	1
1	954	1
1	955	1
1	956	3
1	957	1
1	958	1
1	959	1
1	960	1
1	962	1
1	963	3
1	964	1
1	965	2
1	966	1
1	967	3
1	969	1
1	970	2
1	973	1
1	975	1
1	977	1
1	979	1
1	980	1
1	982	2
1	983	2
1	984	6
1	985	2
1	988	2
1	989	3
1	990	5
1	991	3
1	992	3
1	994	1
1	995	1
1	998	1
1	999	2
1	1002	1
1	1003	1
1	1006	4
1	1008	1
1	1009	1
1	1010	1
1	1012	3
1	1014	1
1	1015	1
1	1016	2
1	1017	1
1	1019	1
1	1020	1
1	1021	1
1	1022	1
1	1023	2
1	1024	2
1	1028	2
1	1029	3
1	1031	2
1	1032	2
1	1033	1
1	1034	5
1	1036	1
1	1037	1
1	1039	2
1	1040	3
1	1041	1
1	1044	1
1	1045	1
1	1047	1
1	1049	3
1	1050	4
1	1054	2
1	1055	1
1	1058	2
1	1059	3
1	1060	1
1	1061	1
1	1063	1
1	1064	1
1	1066	1
1	1067	2
1	1068	2
1	1069	2
1	1070	6
1	1072	1
1	1073	4
1	1074	1
1	1077	1
1	1078	1
1	1079	2
1	1080	1
1	1081	3
1	1082	1
1	1083	2
1	1085	2
1	1086	1
1	1087	1
1	1088	1
1	1090	1
1	1092	1
1	1093	1
1	1094	1
1	1095	1
1	1096	2
1	1097	2
1	1098	1
1	1099	2
1	1101	1
1	1102	1
1	1103	2
1	1105	1
1	1106	1
1	1107	2
1	1108	2
1	1110	2
1	1113	1
1	1114	1
1	1115	2
1	1116	1
1	1117	1
1	1120	2
1	1123	2
1	1124	1
1	1125	1
1	1126	1
1	1127	3
1	1128	3
1	1129	2
1	1132	1
1	1133	1
1	1134	1
1	1137	1
1	1139	1
1	1140	2
1	1141	1
1	1142	2
1	1143	3
1	1144	1
1	1146	1
1	1147	1
1	1149	1
1	1152	1
1	1153	1
1	1154	1
1	1156	2
1	1157	1
1	1159	1
1	1160	1
1	1161	2
1	1162	1
1	1165	1
1	1168	1
1	1171	1
1	1172	1
1	1173	1
1	1174	1
1	1175	1
1	1176	1
1	1177	1
1	1183	1
1	1185	2
1	1186	1
1	1187	2
1	1189	1
1	1193	1
1	1194	1
1	1196	1
1	1197	1
1	1199	1
1	1212	1
1	1213	1
1	1217	2
1	1219	3
1	1220	1
1	1221	1
1	1222	2
1	1227	1
1	1228	1
1	1229	2
1	1230	1
1	1233	1
1	1234	1
1	1235	1
1	1237	2
1	1240	2
1	1244	2
1	1247	1
1	1248	1
1	1249	1
1	1252	1
1	1255	1
1	1256	1
1	1262	1
1	1263	1
1	1268	1
1	1269	1
1	1270	1
1	1273	1
1	1276	1
1	1277	1
1	1278	1
1	1279	1
1	1281	2
1	1282	1
1	1283	1
1	1285	1
1	1286	2
1	1290	1
1	1292	2
1	1293	2
1	1294	1
1	1295	2
1	1297	1
1	1301	1
1	1302	1
1	1303	1
1	1307	1
1	1311	1
1	1312	1
1	1313	2
1	1317	1
1	1318	1
1	1319	2
1	1322	2
1	1324	1
1	1325	1
1	1326	1
1	1328	1
1	1329	3
1	1332	2
1	1334	1
1	1336	2
1	1337	2
1	1338	1
1	1340	2
1	1341	2
1	1342	1
1	1343	1
1	1346	1
1	1349	1
1	1350	1
1	1351	1
1	1353	2
1	1354	1
1	1356	1
1	1357	3
1	1358	1
1	1360	1
1	1361	2
1	1362	2
1	1364	1
1	1365	1
1	1366	1
1	1370	1
1	1376	1
1	1377	1
1	1378	1
1	1379	1
1	1386	1
1	1389	2
1	1390	2
1	1392	1
1	1393	2
1	1394	1
1	1395	1
1	1396	2
1	1397	1
1	1399	1
1	1402	1
1	1405	1
1	1406	1
1	1409	2
1	1411	2
1	1418	1
1	1420	1
1	1422	1
1	1426	1
1	1427	1
1	1432	1
1	1434	2
1	1436	2
1	1437	1
1	1439	1
1	1440	1
1	1441	1
1	1442	1
1	1444	2
1	1446	1
1	1447	1
1	1448	1
1	1451	2
1	1453	1
1	1455	2
1	1456	3
1	1458	2
1	1459	1
1	1460	1
1	1462	3
1	1463	1
1	1464	1
1	1466	2
1	1468	1
1	1469	1
1	1470	1
1	1473	1
1	1474	1
1	1475	1
1	1476	1
1	1478	1
1	1482	1
1	1484	2
1	1486	1
1	1487	1
1	1488	2
1	1489	4
1	1491	2
1	1492	3
1	1493	1
1	1497	1
1	1501	2
1	1502	2
1	1503	1
1	1504	1
1	1505	2
1	1506	2
1	1507	2
1	1509	1
1	1512	1
1	1513	1
1	1515	2
1	1516	1
1	1519	1
1	1520	1
1	1521	2
1	1522	2
1	1525	2
1	1537	1
1	1538	2
1	1544	1
1	1545	1
1	1548	1
1	1549	1
1	1551	1
1	1553	1
1	1556	1
1	1558	2
1	1559	2
1	1569	1
1	1572	1
1	1576	1
1	1578	1
1	1579	1
1	1582	1
1	1584	1
1	1586	1
1	1588	1
1	1589	1
1	1590	2
1	1595	1
1	1596	1
1	1597	2
1	1599	2
1	1605	1
1	1606	1
1	1610	2
1	1612	1
1	1614	1
1	1615	1
1	1620	1
1	1621	1
1	1630	2
1	1631	1
1	1632	1
1	1639	2
1	1641	1
1	1645	3
1	1646	1
1	1650	1
1	1652	2
1	1653	2
1	1654	1
1	1658	1
1	1659	1
1	1667	1
1	1670	1
1	1671	1
1	1675	2
1	1679	1
1	1680	2
1	1684	2
1	1692	1
1	1693	1
1	1694	1
1	1696	1
1	1706	1
1	1707	1
1	1708	1
1	1710	1
1	1713	1
1	1723	1
1	1727	1
1	1730	1
1	1734	1
1	1739	1
1	1742	1
1	1743	1
1	1744	1
1	1746	2
1	1747	2
1	1749	1
1	1751	1
1	1752	1
1	1754	1
1	1762	1
1	1763	1
1	1767	1
1	1784	1
1	1792	1
1	1793	1
1	1798	1
1	1808	1
1	1810	1
1	1811	1
1	1821	1
1	1822	1
1	1823	1
1	1833	2
1	1838	1
1	1839	2
1	1840	2
1	1841	1
1	1842	1
1	1845	1
1	1846	1
1	1850	1
1	1851	1
1	1854	1
1	1860	1
1	1861	2
1	1878	1
1	1879	1
1	1883	3
1	1886	2
1	1887	2
1	1890	1
1	1891	1
1	1895	1
1	1902	1
1	1903	1
1	1908	1
1	1909	1
1	1910	2
1	1911	1
1	1913	2
1	1914	1
1	1915	1
1	1920	1
1	1922	1
1	1924	3
1	1932	1
1	1934	1
1	1935	1
1	1937	1
1	1947	2
1	1949	1
1	1952	1
1	1959	1
1	1960	1
1	1962	1
1	1964	1
1	1967	1
1	1970	1
1	1974	1
1	1982	1
1	1984	2
1	1987	1
1	1989	1
1	1997	1
1	2006	1
1	2007	1
1	2011	2
1	2012	1
1	2015	1
1	2017	1
1	2025	1
1	2030	1
1	2032	1
1	2038	1
1	2042	1
1	2049	1
1	2050	1
1	2051	1
1	2052	1
1	2053	1
1	2056	2
1	2059	1
1	2062	1
1	2065	1
1	2066	1
1	2068	1
1	2070	1
1	2072	1
1	2075	1
1	2080	1
1	2089	1
1	2092	2
1	2094	1
1	2096	1
1	2097	1
1	2101	1
1	2105	1
1	2106	1
1	2108	1
1	2114	1
1	2115	1
1	2118	2
1	2122	1
1	2123	1
1	2126	1
1	2128	1
1	2130	1
1	2133	1
1	2140	1
1	2152	1
1	2163	2
1	2164	2
1	2166	1
1	2167	1
1	2168	1
1	2171	1
1	2172	1
1	2192	1
1	2193	1
1	2197	1
1	2200	1
1	2207	1
1	2213	1
1	2222	1
1	2223	1
1	2237	1
1	2239	1
1	2247	2
1	2253	1
1	2259	1
1	2264	1
1	2271	1
1	2272	1
1	2282	1
1	2291	1
1	2295	1
1	2296	1
1	2304	1
1	2305	1
1	2307	1
1	2321	1
1	2325	1
1	2327	1
1	2333	1
1	2353	1
1	2355	1
1	2381	1
1	2394	2
1	2400	1
1	2413	1
1	2415	1
1	2420	1
1	2422	1
1	2429	1
1	2430	1
1	2434	1
1	2445	1
1	2464	1
1	2470	1
1	2495	1
1	2498	1
1	2499	1
1	2500	1
1	2501	1
1	2503	1
1	2504	1
1	2510	1
1	2527	1
1	2528	1
1	2535	1
1	2536	1
1	2545	1
1	2549	1
1	2557	1
1	2559	1
1	2561	1
1	2573	1
1	2577	1
1	2582	1
1	2585	1
1	2592	1
1	2595	1
1	2602	1
1	2621	1
1	2638	2
1	2651	1
1	2654	1
1	2656	1
1	2681	1
1	2683	1
1	2687	1
1	2690	1
1	2695	1
1	2699	1
1	2718	1
1	2724	3
1	2727	1
1	2734	1
1	2744	1
1	2777	1
1	2782	2
1	2783	1
1	2787	2
1	2808	1
1	2809	1
1	2810	1
1	2820	1
1	2825	1
1	2841	1
1	2843	1
1	2846	1
1	2874	1
1	2877	2
1	2878	1
1	2884	1
1	2896	1
1	2909	1
1	2910	1
1	2913	2
1	2914	1
1	2930	2
1	2933	1
1	2937	1
1	2938	1
1	2945	1
1	2955	1
1	2959	1
1	2961	1
1	2972	1
1	2973	1
1	2976	1
1	2985	1
1	2991	1
1	2993	1
1	3004	1
1	3012	1
1	3021	1
1	3022	1
1	3043	1
1	3045	1
1	3048	1
1	3101	1
1	3102	1
1	3103	1
1	3104	1
1	3109	1
1	3113	1
1	3115	1
1	3120	1
1	3130	1
1	3193	1
1	3199	1
1	3227	1
1	3237	1
1	3246	1
1	3255	1
1	3259	1
1	3283	1
1	3293	1
1	3302	1
1	3303	2
1	3305	1
1	3313	1
1	3317	1
1	3318	1
1	3339	1
1	3341	1
1	3344	1
1	3348	1
1	3359	1
1	3360	1
1	3362	1
1	3366	1
1	3368	1
1	3369	1
1	3378	1
1	3383	2
1	3389	1
1	3394	1
1	3397	1
1	3400	1
1	3426	1
1	3432	1
1	3452	1
1	3481	1
1	3490	1
1	3491	1
1	3493	1
1	3502	1
1	3520	1
1	3526	1
1	3557	1
1	3569	1
1	3575	1
1	3586	1
1	3593	1
1	3636	1
1	3637	1
1	3684	1
1	3686	1
1	3688	1
1	3705	1
1	3757	1
1	3763	1
1	3769	1
1	3811	1
1	3837	1
1	3862	1
1	3865	1
1	3874	1
1	3875	1
1	3883	1
1	3887	1
1	3902	1
1	3911	1
1	3936	1
1	3944	1
1	3945	2
1	4000	1
1	4042	1
1	4079	1
1	4125	1
1	4131	1
1	4136	1
1	4189	1
1	4212	1
1	4277	1
1	4304	1
1	4315	1
1	4319	1
1	4328	1
1	4460	1
1	4498	1
1	4505	1
1	4562	1
1	4580	1
1	4586	1
1	4587	1
1	4598	1
1	4605	1
1	4608	1
1	4650	1
1	4653	1
1	4663	1
1	4678	1
1	4683	1
1	4684	1
1	4689	1
1	4693	1
1	4715	1
1	4723	2
1	4726	1
1	4739	1
1	4743	1
1	4758	1
1	4768	1
1	4771	1
1	4773	1
1	4776	2
1	4777	2
1	4798	1
1	4806	1
1	4809	1
1	4811	1
1	4828	1
1	4869	1
1	4876	1
1	4880	1
1	4884	1
1	4945	1
1	4957	1
1	4994	1
1	4997	1
1	5007	1
1	5012	1
1	5019	1
1	5036	1
1	5037	1
1	5038	1
1	5054	1
1	5162	1
1	5188	1
1	5198	1
1	5206	1
1	5207	1
1	5213	1
1	5251	1
1	5260	1
1	5274	1
1	5293	1
1	5311	1
1	5318	1
1	5339	1
1	5357	1
1	5367	1
1	5400	1
1	5416	1
1	5454	1
1	5455	1
1	5458	1
1	5462	1
1	5467	1
1	5469	1
1	5486	1
1	5506	1
1	5531	1
1	5542	1
1	5543	1
1	5554	1
1	5578	1
1	5600	1
1	5625	1
1	5691	1
1	5709	1
1	5734	1
1	5763	1
1	5819	1
1	5854	1
1	5874	1
1	5891	1
1	5955	1
1	5959	1
1	5988	1
1	5992	1
1	6049	1
1	6057	1
1	6058	1
1	6069	1
1	6144	1
1	6154	1
1	6303	2
1	6310	1
1	6311	1
1	6343	1
1	6353	1
1	6368	1
1	6385	1
1	6423	1
1	6466	1
1	6477	1
1	6484	1
1	6528	1
1	6569	1
1	6605	1
1	6609	1
1	6639	1
1	6643	1
1	6644	1
1	6645	1
1	6667	1
1	6705	1
1	6730	1
1	6788	1
1	6831	1
1	6832	1
1	6921	1
1	6988	1
1	7079	1
1	7103	1
1	7247	1
1	7310	1
1	7338	1
1	7430	1
1	7545	1
1	7575	1
1	7621	1
1	7678	1
1	7682	1
1	7808	1
1	7872	1
1	8114	1
1	8161	1
1	8171	1
1	8234	1
1	8521	1
1	8565	1
1	8759	1
1	8892	1
1	9017	1
1	9024	1
1	9044	1
1	9096	1
1	9097	1
1	9135	1
1	9143	1
1	9148	1
1	9191	1
1	9203	1
1	9218	1
1	9230	1
1	9254	1
1	9327	1
1	9355	1
1	9357	1
1	9358	1
1	9364	1
1	9373	1
1	9375	1
1	9377	1
1	9507	1
1	9514	1
1	9517	1
1	9726	1
1	9817	1
1	9824	1
1	9964	1
1	10069	1
1	10088	1
1	10121	1
1	10240	1
1	10305	1
1	10342	1
1	10666	1
1	10792	1
1	10903	1
1	10905	1
1	10909	1
1	10913	1
1	10920	1
1	10927	1
1	11327	1
1	11333	1
1	11337	1
1	11342	1
1	11635	1
1	11650	1
1	11682	1
1	11759	1
1	11842	1
1	11917	1
1	11989	1
1	12333	1
1	12383	1
1	12613	1
1	12740	1
1	12929	1
1	12955	1
1	13124	1
1	13342	1
1	13343	1
1	13352	1
1	13471	1
1	13499	1
1	13500	1
1	13504	1
1	13548	1
1	13802	1
1	13909	1
1	13910	1
1	14054	1
1	14065	1
1	14676	1
1	14816	1
1	14829	1
1	14833	1
1	14885	1
1	14887	1
1	14975	1
1	15071	1
1	15110	1
1	15494	1
1	15531	1
1	15942	1
1	16599	1
1	16690	1
1	16691	1
1	16694	1
1	16695	1
1	16701	1
1	16702	1
1	16711	1
1	16849	1
1	16878	1
1	16879	1
1	17124	1
1	17978	1
1	18129	1
1	18467	1
1	18697	1
1	18700	1
1	18920	1
1	18933	1
1	18939	1
1	19040	1
1	19059	1
1	19060	1
1	19364	1
1	19367	1
1	19670	1
1	19913	1
1	20221	1
1	20542	1
1	20639	1
1	20849	1
1	20858	1
1	22259	1
1	22337	1
1	22644	1
1	22841	1
1	23199	1
1	23481	1
1	23505	1
1	23548	1
1	23550	1
1	23561	1
1	23572	1
1	23573	1
1	23680	1
1	23696	1
1	23697	1
1	23900	1
1	23902	1
1	24039	1
1	24111	1
1	24131	1
1	24590	1
1	24933	1
1	25115	1
1	25118	1
1	25204	1
1	26351	1
1	26366	1
1	26367	1
1	26963	1
1	26988	1
1	26996	1
1	27071	1
1	27073	1
1	27075	1
1	27076	1
1	27081	1
1	27085	1
1	27103	1
1	27104	1
1	27105	1
1	27109	1
1	27154	1
1	27157	1
1	27634	1
1	27782	1
1	27939	1
1	30536	1
1	30603	1
1	30614	1
1	30624	1
1	30936	1
1	31538	1
1	31553	1
1	33048	1
1	33896	1
1	34043	1
1	34045	1
1	35011	1
1	35900	1
1	37607	1
1	37628	1
1	37710	1
1	37745	1
1	37747	1
1	37750	1
1	37846	1
1	37848	1
1	38896	1
1	39908	1
1	39909	1
1	45750	1
1	46063	1
1	49508	1
1	50107	1
1	50110	1
1	54278	1
1	58970	1
1	58983	1
1	59026	1
1	59029	1
1	59030	1
1	62448	1
1	78771	1
1	82161	1
1	82172	1
1	83512	1
1	83531	1
1	83591	1
1	87665	1
1	89485	1
1	90452	1
1	90471	1
1	90472	1
1	96680	1
1	98712	1
1	98720	1
1	111699	1
1	145070	1
1	152999	1
1	153000	1
1	153002	1
1	153004	1
1	153024	1
1	153034	1
1	153040	1
1	153041	1
1	159468	1
1	257527	1
1	267307	1
1	297720	1
1	618247	1
1	618427	1
1	721607	1
1	721800	1
1	721803	1
1	721823	1
1	721825	1
1	721843	1
1	721976	1
1	721982	1
1	722096	1
1	722141	1
1	722142	1
1	722147	1
1	722148	1
1	722173	1
1	722431	1
1	722432	1
1	722479	1
1	961323	1
1	961357	1
1	961378	1
1	961523	1
1	963310	1
1	963345	1
1	963583	1
1	1582042	1
1	1582069	1
2	2	25973
2	3	11215
2	4	6436
2	5	4157
2	6	3019
2	7	2188
2	8	1725
2	9	1390
2	10	1152
2	11	977
2	12	828
2	13	667
2	14	641
2	15	523
2	16	506
2	17	430
2	18	370
2	19	351
2	20	326
2	21	264
2	22	246
2	23	246
2	24	241
2	25	215
2	26	211
2	27	175
2	28	178
2	29	147
2	30	138
2	31	137
2	32	104
2	33	104
2	34	133
2	35	112
2	36	104
2	37	107
2	38	97
2	39	78
2	40	68
2	41	88
2	42	66
2	43	76
2	44	61
2	45	67
2	46	67
2	47	61
2	48	55
2	49	63
2	50	45
2	51	52
2	52	59
2	53	42
2	54	50
2	55	48
2	56	41
2	57	38
2	58	53
2	59	39
2	60	43
2	61	36
2	62	39
2	63	48
2	64	20
2	65	30
2	66	24
2	67	25
2	68	20
2	69	21
2	70	29
2	71	27
2	72	25
2	73	26
2	74	17
2	75	30
2	76	33
2	77	22
2	78	22
2	79	18
2	80	21
2	81	17
2	82	12
2	83	20
2	84	18
2	85	11
2	86	22
2	87	21
2	88	25
2	89	27
2	90	19
2	91	12
2	92	14
2	93	15
2	94	16
2	95	22
2	96	25
2	97	12
2	98	17
2	99	18
2	100	4
2	101	14
2	102	13
2	103	13
2	104	7
2	105	19
2	106	15
2	107	11
2	108	16
2	109	12
2	110	15
2	111	17
2	112	13
2	113	10
2	114	19
2	115	11
2	116	17
2	117	7
2	118	13
2	119	8
2	120	12
2	121	7
2	122	12
2	123	4
2	124	9
2	125	6
2	126	4
2	127	8
2	128	15
2	129	5
2	130	6
2	131	6
2	132	12
2	133	6
2	134	10
2	135	6
2	136	8
2	137	5
2	138	4
2	139	13
2	140	8
2	141	6
2	142	8
2	143	5
2	144	6
2	145	6
2	146	4
2	147	5
2	148	7
2	149	3
2	150	5
2	151	5
2	152	3
2	153	8
2	154	5
2	155	5
2	156	5
2	157	5
2	158	8
2	159	5
2	160	7
2	161	4
2	162	1
2	163	5
2	164	4
2	165	5
2	166	4
2	167	6
2	168	3
2	169	4
2	170	6
2	171	4
2	172	5
2	173	8
2	174	5
2	175	8
2	176	4
2	177	4
2	178	3
2	179	5
2	180	2
2	181	4
2	182	3
2	183	4
2	184	2
2	185	6
2	186	7
2	187	9
2	188	5
2	189	7
2	190	3
2	191	4
2	192	4
2	193	2
2	195	1
2	196	5
2	197	3
2	198	2
2	199	4
2	200	2
2	201	4
2	202	5
2	203	7
2	205	4
2	206	2
2	207	4
2	208	6
2	209	5
2	210	3
2	211	2
2	212	2
2	213	1
2	214	4
2	215	2
2	216	2
2	217	3
2	219	1
2	220	2
2	221	5
2	222	4
2	223	3
2	224	2
2	225	5
2	226	3
2	227	1
2	228	6
2	229	2
2	230	3
2	231	4
2	232	3
2	234	4
2	235	2
2	237	3
2	238	4
2	239	5
2	240	1
2	242	3
2	243	3
2	245	5
2	246	3
2	247	2
2	248	1
2	249	1
2	250	1
2	251	5
2	252	1
2	253	2
2	254	5
2	255	1
2	256	1
2	257	1
2	258	3
2	259	3
2	260	3
2	261	1
2	262	2
2	263	1
2	264	5
2	265	2
2	266	2
2	267	1
2	269	2
2	270	2
2	271	1
2	272	3
2	273	1
2	274	2
2	275	3
2	276	2
2	277	4
2	278	3
2	279	3
2	280	1
2	281	1
2	284	2
2	285	3
2	286	1
2	287	1
2	288	1
2	289	2
2	290	3
2	292	2
2	293	2
2	294	3
2	295	4
2	296	5
2	297	2
2	298	1
2	299	3
2	301	1
2	303	1
2	304	1
2	305	4
2	306	1
2	307	1
2	308	1
2	309	2
2	310	1
2	312	2
2	313	1
2	315	1
2	318	2
2	320	1
2	322	1
2	325	1
2	326	2
2	327	3
2	328	2
2	329	2
2	332	2
2	333	1
2	334	2
2	335	2
2	336	1
2	337	3
2	340	2
2	342	2
2	344	2
2	347	2
2	348	1
2	349	1
2	350	3
2	351	1
2	353	2
2	354	1
2	355	1
2	356	1
2	357	3
2	359	2
2	360	3
2	361	1
2	362	1
2	363	2
2	364	2
2	365	1
2	366	1
2	367	1
2	371	1
2	378	1
2	380	3
2	381	1
2	382	3
2	386	2
2	388	1
2	389	1
2	391	2
2	392	1
2	393	1
2	394	1
2	396	1
2	398	1
2	400	3
2	401	1
2	402	1
2	412	1
2	415	1
2	416	1
2	418	1
2	420	1
2	425	2
2	426	2
2	427	2
2	428	1
2	431	1
2	433	1
2	434	1
2	436	2
2	437	1
2	438	1
2	440	1
2	441	1
2	443	1
2	444	2
2	445	1
2	450	1
2	451	1
2	452	3
2	453	2
2	454	2
2	456	3
2	458	1
2	459	1
2	460	2
2	461	1
2	462	1
2	468	2
2	470	1
2	480	1
2	482	1
2	484	1
2	485	1
2	487	1
2	488	1
2	489	1
2	492	3
2	496	1
2	499	1
2	500	1
2	502	1
2	504	3
2	506	2
2	510	1
2	513	1
2	516	1
2	517	1
2	518	1
2	521	1
2	524	1
2	526	1
2	528	1
2	531	1
2	532	1
2	537	2
2	538	1
2	539	1
2	541	1
2	542	2
2	543	2
2	544	1
2	545	2
2	549	2
2	550	2
2	551	1
2	552	1
2	554	1
2	555	1
2	557	1
2	565	1
2	566	1
2	567	1
2	570	1
2	576	1
2	582	1
2	584	1
2	588	1
2	589	1
2	595	1
2	601	1
2	603	1
2	607	1
2	608	2
2	610	1
2	613	1
2	614	1
2	615	2
2	618	1
2	620	1
2	624	1
2	625	2
2	626	2
2	627	1
2	630	1
2	638	2
2	642	2
2	646	1
2	652	1
2	659	2
2	664	1
2	665	1
2	668	1
2	670	1
2	672	2
2	673	2
2	679	1
2	686	1
2	696	1
2	698	2
2	699	1
2	701	2
2	706	1
2	707	1
2	710	1
2	712	1
2	720	1
2	722	1
2	724	1
2	728	1
2	739	1
2	740	1
2	741	1
2	748	1
2	750	1
2	752	2
2	768	1
2	769	1
2	777	1
2	779	1
2	781	1
2	788	1
2	793	1
2	798	1
2	803	1
2	812	1
2	818	1
2	822	2
2	824	1
2	826	2
2	828	1
2	830	1
2	831	1
2	835	1
2	844	1
2	851	1
2	870	1
2	879	1
2	898	1
2	905	2
2	918	1
2	924	2
2	925	2
2	926	1
2	927	1
2	948	1
2	951	1
2	952	1
2	960	1
2	962	1
2	966	1
2	972	1
2	973	1
2	992	1
2	1003	1
2	1008	1
2	1011	1
2	1028	1
2	1030	1
2	1031	1
2	1047	1
2	1050	1
2	1055	1
2	1071	1
2	1073	1
2	1076	1
2	1077	2
2	1078	2
2	1080	1
2	1088	1
2	1092	1
2	1101	2
2	1111	1
2	1122	1
2	1127	1
2	1133	1
2	1163	1
2	1164	1
2	1179	1
2	1200	1
2	1256	1
2	1257	1
2	1276	1
2	1316	1
2	1330	1
2	1333	1
2	1334	1
2	1345	1
2	1346	1
2	1384	1
2	1385	1
2	1410	1
2	1435	1
2	1442	1
2	1453	1
2	1469	2
2	1471	1
2	1478	1
2	1491	1
2	1510	1
2	1511	1
2	1560	1
2	1565	1
2	1627	1
2	1647	1
2	1664	1
2	1666	1
2	1698	1
2	1714	1
2	1723	1
2	1724	1
2	1734	1
2	1743	1
2	1837	1
2	1916	1
2	1927	1
2	1949	1
2	1979	1
2	2007	1
2	2037	1
2	2041	1
2	2058	1
2	2061	1
2	2091	1
2	2136	1
2	2137	1
2	2160	1
2	2163	1
2	2165	1
2	2177	1
2	2179	1
2	2216	1
2	2233	1
2	2268	1
2	2271	1
2	2288	1
2	2300	1
2	2420	1
2	2426	1
2	2458	1
2	2502	1
2	2504	1
2	2846	1
2	2924	1
2	2963	1
2	3035	1
2	3046	1
2	3290	1
2	3364	1
2	3367	1
2	3398	1
2	3573	1
2	3804	1
2	3916	1
2	3991	1
2	4022	1
2	4190	1
2	4506	1
2	4579	1
2	4581	1
2	4704	1
2	4759	1
2	5035	1
2	5040	1
2	5045	1
2	5438	1
2	5631	1
2	6152	1
2	6907	1
2	6957	1
2	6970	1
2	6972	1
2	6974	1
2	6976	1
2	7437	1
2	7566	1
2	7922	1
2	9073	1
2	9349	1
2	9359	1
2	10911	1
2	13470	1
2	13908	1
2	13913	1
2	16689	1
2	16709	1
2	16851	1
2	16855	1
2	18935	1
2	19057	1
2	19058	1
2	19363	1
2	19368	1
2	19371	1
2	23682	1
2	23683	1
2	24097	1
2	26352	1
2	27072	1
2	30627	1
2	39900	1
2	721828	1
2	721829	1
2	721981	1
2	722068	1
2	722278	1
2	961524	1
3	2	10388
3	3	4270
3	4	2413
3	5	1467
3	6	1031
3	7	763
3	8	606
3	9	500
3	10	380
3	11	324
3	12	240
3	13	258
3	14	218
3	15	188
3	16	157
3	17	136
3	18	155
3	19	121
3	20	104
3	21	97
3	22	88
3	23	91
3	24	70
3	25	76
3	26	61
3	27	57
3	28	57
3	29	52
3	30	41
3	31	47
3	32	36
3	33	39
3	34	45
3	35	33
3	36	19
3	37	25
3	38	18
3	39	17
3	40	18
3	41	26
3	42	22
3	43	16
3	44	26
3	45	15
3	46	16
3	47	26
3	48	17
3	49	18
3	50	18
3	51	11
3	52	13
3	53	8
3	54	13
3	55	13
3	56	15
3	57	14
3	58	10
3	59	11
3	60	9
3	61	16
3	62	10
3	63	12
3	64	8
3	65	11
3	66	8
3	67	14
3	68	8
3	69	9
3	70	6
3	71	5
3	72	13
3	73	11
3	74	10
3	75	6
3	76	8
3	77	9
3	78	5
3	79	7
3	80	3
3	81	6
3	82	9
3	83	7
3	84	3
3	85	7
3	86	4
3	87	2
3	88	4
3	89	4
3	90	6
3	91	9
3	92	4
3	93	2
3	94	5
3	95	5
3	96	3
3	97	2
3	98	6
3	99	7
3	100	5
3	101	2
3	102	5
3	103	4
3	104	4
3	105	4
3	106	5
3	107	5
3	108	5
3	109	3
3	110	3
3	111	5
3	112	7
3	113	4
3	114	2
3	115	2
3	116	1
3	117	3
3	118	3
3	119	4
3	120	2
3	121	3
3	122	4
3	123	1
3	125	2
3	126	2
3	128	1
3	129	1
3	130	5
3	131	5
3	132	4
3	133	4
3	134	2
3	135	2
3	136	1
3	137	1
3	138	1
3	139	4
3	140	4
3	141	2
3	143	1
3	144	3
3	146	1
3	147	1
3	148	1
3	149	1
3	150	3
3	151	3
3	152	3
3	153	2
3	157	4
3	160	1
3	162	2
3	164	1
3	165	1
3	166	3
3	168	1
3	170	2
3	171	1
3	172	2
3	173	2
3	174	1
3	175	4
3	176	1
3	178	1
3	180	1
3	181	2
3	182	2
3	184	1
3	186	1
3	187	1
3	188	1
3	189	1
3	190	2
3	192	2
3	194	1
3	196	4
3	197	1
3	203	1
3	204	3
3	205	2
3	209	1
3	211	3
3	212	2
3	213	1
3	214	2
3	217	1
3	223	1
3	224	2
3	226	1
3	229	1
3	230	1
3	231	2
3	232	1
3	233	1
3	235	2
3	237	1
3	239	1
3	240	2
3	241	1
3	242	2
3	246	1
3	248	1
3	250	1
3	256	1
3	257	2
3	264	1
3	265	1
3	266	1
3	273	1
3	289	1
3	292	1
3	294	1
3	296	2
3	298	1
3	301	1
3	302	2
3	310	1
3	320	1
3	321	1
3	332	1
3	337	1
3	343	1
3	346	1
3	349	1
3	352	1
3	355	1
3	358	1
3	372	1
3	375	1
3	379	1
3	384	2
3	390	1
3	394	1
3	396	2
3	398	1
3	410	1
3	416	1
3	418	1
3	420	2
3	427	1
3	428	1
3	431	2
3	437	1
3	439	1
3	453	1
3	454	1
3	457	1
3	458	1
3	459	1
3	460	1
3	465	1
3	469	1
3	486	1
3	490	1
3	493	2
3	505	1
3	520	1
3	527	1
3	537	1
3	548	1
3	549	1
3	570	1
3	574	1
3	575	1
3	583	1
3	587	1
3	589	1
3	595	1
3	597	1
3	599	1
3	606	1
3	613	2
3	621	2
3	622	1
3	628	1
3	633	1
3	667	1
3	684	1
3	700	1
3	729	1
3	730	1
3	753	1
3	754	1
3	756	1
3	759	2
3	761	1
3	769	1
3	828	1
3	831	1
3	877	1
3	898	1
3	911	1
3	919	1
3	928	1
3	952	2
3	974	1
3	1024	1
3	1075	1
3	1076	1
3	1189	1
3	1196	1
3	1210	1
3	1228	1
3	1331	1
3	1390	1
3	1466	1
3	1509	1
3	1574	1
3	1669	1
3	1777	1
3	1906	1
3	2044	1
3	2057	1
3	2060	1
3	2108	1
3	2311	1
3	2424	1
3	2425	1
3	3365	1
3	5042	1
3	5044	1
3	5048	1
3	6159	1
3	6648	1
3	6789	1
3	6964	1
3	9074	1
3	10904	1
3	16700	1
3	19362	1
3	23491	1
3	26344	1
3	26995	1
4	2	4822
4	3	1808
4	4	1012
4	5	624
4	6	417
4	7	329
4	8	252
4	9	184
4	10	132
4	11	109
4	12	111
4	13	97
4	14	81
4	15	62
4	16	57
4	17	61
4	18	56
4	19	39
4	20	37
4	21	33
4	22	25
4	23	26
4	24	32
4	25	21
4	26	20
4	27	22
4	28	22
4	29	19
4	30	14
4	31	12
4	32	13
4	33	11
4	34	8
4	35	16
4	36	11
4	37	12
4	38	11
4	39	5
4	40	5
4	41	7
4	42	12
4	43	12
4	44	11
4	45	10
4	46	4
4	47	8
4	48	5
4	49	5
4	50	7
4	51	10
4	52	6
4	53	5
4	54	1
4	55	5
4	56	5
4	57	3
4	58	1
4	59	7
4	60	4
4	61	2
4	62	3
4	64	3
4	65	1
4	66	1
4	67	2
4	68	2
4	69	1
4	71	6
4	72	3
4	73	3
4	74	5
4	75	4
4	76	2
4	77	2
4	78	5
4	79	1
4	80	2
4	82	1
4	83	1
4	85	3
4	86	2
4	87	1
4	89	1
4	90	1
4	91	3
4	92	1
4	93	1
4	96	4
4	97	3
4	99	3
4	100	2
4	101	2
4	104	1
4	105	1
4	106	2
4	107	2
4	108	2
4	109	1
4	111	3
4	112	3
4	113	1
4	114	1
4	115	2
4	121	1
4	122	1
4	123	2
4	124	1
4	125	1
4	131	2
4	132	1
4	133	1
4	134	2
4	136	1
4	141	1
4	142	1
4	144	1
4	145	2
4	146	1
4	147	1
4	149	2
4	150	1
4	151	1
4	155	1
4	162	1
4	167	1
4	170	1
4	171	1
4	174	1
4	178	1
4	180	1
4	181	2
4	182	1
4	188	1
4	189	1
4	198	1
4	199	1
4	206	1
4	210	1
4	211	1
4	212	1
4	216	1
4	222	1
4	223	1
4	226	1
4	229	1
4	231	1
4	233	1
4	248	1
4	267	1
4	279	1
4	284	1
4	291	1
4	320	1
4	329	1
4	333	1
4	337	1
4	339	1
4	350	1
4	352	1
4	353	1
4	384	1
4	446	1
4	451	1
4	460	1
4	526	1
4	595	1
4	669	1
4	672	1
4	681	1
4	694	1
4	769	1
4	789	1
4	855	1
4	1017	1
4	1046	1
4	1050	1
4	1073	1
4	1174	1
4	1311	1
4	1407	1
4	1504	1
4	1519	1
4	1730	1
4	2061	1
4	2255	1
4	2415	1
4	2421	1
4	2956	1
4	4582	1
4	5043	1
4	6649	1
4	9047	1
4	23564	1
5	2	2337
5	3	878
5	4	476
5	5	303
5	6	187
5	7	125
5	8	103
5	9	103
5	10	69
5	11	60
5	12	41
5	13	43
5	14	41
5	15	37
5	16	25
5	17	34
5	18	30
5	19	11
5	20	17
5	21	11
5	22	12
5	23	16
5	24	12
5	25	10
5	26	17
5	27	6
5	28	9
5	29	6
5	30	8
5	31	9
5	32	3
5	34	7
5	35	1
5	36	8
5	37	4
5	38	4
5	39	4
5	40	5
5	41	5
5	42	2
5	43	4
5	44	2
5	45	1
5	46	4
5	48	3
5	49	1
5	50	1
5	52	5
5	53	1
5	54	4
5	56	1
5	57	3
5	59	3
5	60	2
5	61	2
5	62	1
5	63	3
5	65	1
5	66	1
5	68	2
5	69	1
5	70	1
5	71	1
5	72	2
5	73	2
5	74	2
5	75	2
5	77	1
5	78	1
5	79	2
5	81	3
5	82	2
5	83	1
5	86	1
5	92	1
5	93	2
5	96	2
5	97	1
5	100	2
5	101	1
5	102	1
5	104	1
5	106	1
5	110	1
5	113	1
5	114	1
5	117	1
5	119	1
5	121	1
5	122	1
5	123	1
5	124	1
5	127	1
5	130	2
5	132	1
5	137	1
5	138	1
5	156	1
5	167	1
5	170	1
5	174	1
5	180	2
5	204	1
5	213	1
5	230	1
5	235	3
5	251	1
5	272	1
5	282	1
5	286	1
5	320	1
5	328	1
5	339	1
5	356	1
5	430	1
5	525	1
5	574	1
5	596	1
5	622	1
5	625	1
5	641	1
5	669	1
5	782	1
5	899	1
5	1635	1
5	6160	1
5	23679	1
6	1	1
6	2	1220
6	3	473
6	4	237
6	5	165
6	6	97
6	7	55
6	8	57
6	9	43
6	10	25
6	11	30
6	12	27
6	13	15
6	14	16
6	15	9
6	16	6
6	17	12
6	18	12
6	19	9
6	20	6
6	21	11
6	22	6
6	23	10
6	24	3
6	25	2
6	26	7
6	27	2
6	28	3
6	30	4
6	31	1
6	32	4
6	33	3
6	35	3
6	36	3
6	37	3
6	38	3
6	39	4
6	41	2
6	42	4
6	43	2
6	44	1
6	45	3
6	48	1
6	49	1
6	50	3
6	52	1
6	54	1
6	55	1
6	61	1
6	65	1
6	68	1
6	69	1
6	70	1
6	71	3
6	72	1
6	73	2
6	74	1
6	75	1
6	80	1
6	81	1
6	88	1
6	92	1
6	93	1
6	95	1
6	99	1
6	100	2
6	101	1
6	103	1
6	104	1
6	107	1
6	120	2
6	148	1
6	155	1
6	160	1
6	162	1
6	170	1
6	185	1
6	205	1
6	207	1
6	218	1
6	228	1
6	232	1
6	239	1
6	419	1
6	591	1
6	623	1
6	666	1
6	762	1
6	900	1
6	989	1
6	1007	1
7	2	707
7	3	221
7	4	131
7	5	83
7	6	58
7	7	38
7	8	29
7	9	18
7	10	14
7	11	17
7	12	15
7	13	11
7	14	7
7	15	8
7	16	11
7	17	5
7	18	2
7	19	3
7	20	4
7	21	2
7	22	3
7	23	2
7	24	3
7	25	4
7	26	5
7	27	1
7	28	4
7	29	2
7	30	2
7	31	2
7	32	2
7	33	2
7	35	1
7	36	3
7	37	3
7	38	2
7	39	1
7	40	2
7	41	1
7	42	1
7	43	2
7	55	1
7	58	1
7	61	1
7	63	1
7	72	1
7	73	1
7	74	2
7	75	1
7	79	1
7	83	1
7	92	1
7	94	1
7	109	2
7	114	1
7	115	1
7	124	1
7	131	1
7	340	1
7	447	1
7	453	1
7	693	1
7	765	1
8	2	405
8	3	120
8	4	64
8	5	36
8	6	26
8	7	21
8	8	12
8	9	14
8	10	7
8	11	6
8	12	4
8	13	7
8	14	3
8	15	8
8	16	4
8	17	9
8	18	3
8	19	4
8	20	3
8	21	1
8	22	2
8	24	1
8	25	1
8	26	1
8	27	1
8	28	1
8	29	1
8	31	1
8	32	1
8	34	1
8	35	1
8	36	1
8	37	1
8	39	1
8	40	1
8	41	1
8	42	1
8	44	1
8	45	1
8	47	1
8	56	1
8	58	2
8	62	1
8	81	1
8	86	1
8	103	1
8	116	1
8	123	1
8	125	1
8	147	1
8	151	1
8	203	1
8	299	1
8	449	1
8	624	1
8	707	1
8	800	1
9	2	252
9	3	80
9	4	33
9	5	13
9	6	13
9	7	12
9	8	7
9	9	4
9	10	4
9	11	3
9	12	2
9	13	1
9	14	1
9	15	4
9	17	4
9	18	1
9	19	2
9	20	1
9	21	1
9	22	1
9	28	1
9	35	1
9	36	2
9	42	2
9	47	1
9	54	1
9	65	1
9	88	1
9	112	1
9	137	1
9	208	1
9	228	1
9	379	1
9	1332	1
10	2	134
10	3	53
10	4	16
10	5	12
10	6	9
10	7	6
10	8	2
10	9	6
10	10	3
10	11	3
10	12	5
10	13	3
10	14	4
10	15	2
10	19	1
10	22	1
10	29	1
10	37	1
10	43	1
10	45	1
10	61	1
10	70	1
10	75	1
11	2	97
11	3	27
11	4	10
11	5	8
11	6	5
11	7	2
11	8	4
11	9	3
11	10	1
11	11	2
11	15	1
11	17	1
11	22	1
11	25	1
11	28	1
11	30	1
11	43	1
11	954	1
12	2	55
12	3	19
12	4	13
12	5	2
12	6	3
12	7	3
12	9	4
12	10	1
12	12	1
12	13	1
12	17	1
12	21	1
12	38	1
12	69	1
12	75	1
12	154	1
13	2	50
13	3	9
13	4	5
13	5	3
13	6	5
13	8	2
13	9	2
13	10	2
13	11	1
13	13	1
13	15	1
13	16	1
13	23	1
13	183	1
14	2	14
14	3	5
14	4	4
14	5	4
14	6	3
14	8	3
14	11	1
14	18	1
14	39	1
15	2	15
15	3	5
15	4	2
15	5	1
15	6	1
15	8	2
15	9	1
15	10	2
15	12	1
15	15	1
15	19	1
16	2	10
16	3	3
16	4	4
16	5	1
16	31	1
16	37	1
16	42	1
16	68	1
16	287	1
17	2	13
17	3	2
17	4	1
17	5	2
17	7	1
17	10	1
17	12	1
17	13	1
17	19	1
17	25	1
18	2	5
18	3	1
18	6	1
18	14	1
18	25	1
19	3	2
19	6	1
19	9	2
19	10	1
20	2	2
20	11	1
20	42	1
20	97	1
21	2	3
21	3	1
21	4	1
21	8	1
22	2	2
22	3	1
22	19	1
22	102	1
23	2	1
23	11	1
24	2	1
24	3	1
24	4	1
25	2	1
25	5	1
27	2	1
27	3	1
27	4	1
27	6	1
27	10	1
29	2	1
30	3	1
